best_hprtree: 100.88344250648886
worst_hprtree: 175.63817523056653

best_rsttree: 124.10442889178242
worst_rsttree: 459.42395005675365

best_comp: 0.38214299685198566
worst_comp: 0.8153509442746782
